3.0 3.0 3.0
3.0508132134559043 3.0508132134559047 3.0508132134559047
3.10330747243773 3.1033074724377294 3.10330747243773
3.1575688783407285 3.1575688783407285 3.1575688783407285
3.2136894824707842 3.2136894824707847 3.2136894824707847
3.2717678100263856 3.271767810026385 3.2717678100263856
3.3319094404100813 3.3319094404100813 3.3319094404100813
3.3942276510647504 3.3942276510647496 3.39422765106475
3.458844133099826 3.458844133099825 3.4588441330998245
3.525889788224859 3.5258897882248585 3.525889788224858
