3.0 3.0 3.0
3.0573796964151145 3.0573796964151145 3.057379696415114
3.1323048153342685 3.1323048153342685 3.132304815334268
3.2303550826814327 3.2303550826817076 3.230355082681707
3.3599088836974675 3.3599088838268796 3.359908883826879
3.53413653015422 3.5341365461847394 3.5341365461847385
3.774980635127497 3.774981495188749 3.774981495188749
4.12187682786023 4.121903091427319 4.121903091427319
4.653137982649629 4.653679653679655 4.653679653679654
5.545021611066334 5.553577785688857 5.553577785688857
